.Random.seed <-
c(403L, 10L, -1915116594L, -1868838616L, 724384555L, -379840183L, 
-1948299688L, -41140474L, -1665963295L, -814752141L, 1620018914L, 
-47269292L, 811123543L, -1376770227L, 990001892L, -119471414L, 
-1956865227L, 371790223L, -1949423978L, 1770325568L, -264765693L, 
419739425L, 1186291728L, -1869350930L, 318551961L, -37253077L, 
-16521958L, -74995748L, 1948592607L, 174534069L, 627768140L, 
711629218L, -98674435L, 47400439L, -1582251234L, 2006679000L, 
-342780101L, 241041625L, -1905161112L, -182734442L, 829075729L, 
-956521789L, 614472402L, -52319388L, 1284857511L, -595376131L, 
1423147508L, -1282953510L, 1987776549L, 743791935L, 1739764422L, 
-1905074352L, -1651228813L, 2145042833L, -409922624L, 1231582622L, 
241190761L, -543636581L, 2024483498L, 1403454668L, 1767521679L, 
-435316283L, -297542276L, -1097865774L, -30023347L, 1664263175L, 
-801188882L, 250903240L, -932694581L, 1793159209L, 1917621880L, 
-1493683290L, 201954753L, 412496467L, 379402498L, 1699622964L, 
-24491593L, -298738259L, 584316612L, 1068161770L, 276569429L, 
-2094476561L, -43568906L, 1982058528L, 1711288803L, 1434669697L, 
-1395344144L, 1764717454L, 184143097L, 177731211L, 670172858L, 
-1463973444L, -665126145L, 1689665109L, 73550188L, 357620162L, 
-1468411363L, -1085060457L, 1215661054L, -832544840L, 1009570715L, 
-68912647L, 1352632648L, 84325494L, -957324879L, 1357434851L, 
-307147598L, 1990787332L, -436671929L, -1786966755L, -393266284L, 
1186230074L, 959681413L, -1306720161L, -11322650L, -418627216L, 
-1627338093L, -558075087L, 850276832L, 835470974L, 1268591881L, 
-1810038981L, -113076470L, 1914996460L, -1289522321L, -2009398107L, 
2060105308L, 457686578L, 402234669L, -1552806937L, 1298656014L, 
-1935110936L, 1153738475L, -1058420855L, 1034679064L, 274548294L, 
-1622026591L, -304269005L, -330753886L, 1659213716L, -867224041L, 
855695885L, 1941108516L, -728714486L, 2057715317L, -952795697L, 
985310934L, -1971443072L, -268397373L, 762401377L, -627234096L, 
1356024878L, 95396313L, -766558741L, 482105434L, 930339356L, 
176995103L, 1903914869L, 292533772L, 522579938L, 1072272573L, 
998216503L, 374537182L, -451495656L, 1716554875L, 66433561L, 
-343199064L, 78239830L, 2111124689L, -1501081469L, 1767924498L, 
-1707805020L, -1089363353L, 934951869L, -1567247052L, 633081498L, 
-1146970907L, 522477183L, -788658170L, -1459180656L, -1467124173L, 
2019943889L, -1591986304L, -411030946L, 887099817L, 641106011L, 
-555526038L, -879904500L, -1477094577L, 106041349L, -874991940L, 
-562813038L, -2033363827L, 1444614855L, -1426947154L, 1971920392L, 
-803630581L, -209403159L, 123399608L, 1505462886L, -500648191L, 
1864974739L, 1980226114L, 971419124L, -1093871625L, 1642318829L, 
-1338514300L, 1321351850L, -1047121899L, 1947236527L, 490018486L, 
-2057149216L, -1034770397L, -71420095L, -471254480L, 394209358L, 
-1469556551L, 1406110923L, -673164934L, -1480995716L, -1017435969L, 
1829592469L, -1784406612L, 1775892354L, 1682464093L, 920998999L, 
2071606078L, 844995448L, 912087131L, 1086794080L, -1582442164L, 
-979255328L, -1228200030L, 736997288L, -426912884L, 598521532L, 
-760685710L, -1054459664L, -1465356220L, -166531752L, -1530239942L, 
-1098474640L, -222876612L, 67646228L, 2016043458L, 1728528608L, 
1397491580L, 1618822864L, 1416091298L, -105485272L, -1669959412L, 
-914588740L, -1890001614L, 1268733888L, -1105018316L, -1129645112L, 
106030266L, -448688240L, 485572076L, 1700683860L, 2108329618L, 
2012836640L, 1935791564L, 1842133984L, 1109437122L, 1297459752L, 
-1159625044L, -1627116868L, -24856078L, -1855395536L, -1602429788L, 
-177190216L, -1998032038L, -1913154160L, -10534532L, -1829047020L, 
2047881538L, -1238549760L, -2039850052L, 2077418320L, 629692706L, 
537001288L, 1380780044L, -1231093668L, -594924334L, -1170552832L, 
1724611412L, -106534424L, -1417895942L, 1884905168L, -1221823188L, 
812339444L, 744847250L, 462527584L, 2032430348L, 1274773216L, 
474602850L, -1469140312L, -531305908L, -1402714244L, 1711766322L, 
-1947785616L, 924962116L, 394157016L, -546299782L, -1111181776L, 
157012668L, -843929772L, -1356180926L, 995709856L, 1829580988L, 
-108705328L, 1848194402L, 591576040L, 219856844L, -1790667012L, 
233005042L, -1333433216L, -1646724876L, 454431880L, 1149297978L, 
-303324336L, 289803372L, 1973522580L, -1767524014L, -1986394400L, 
-1430126388L, -1854459744L, -1912262270L, -687378200L, 1405313260L, 
53067836L, 309739634L, 1097705584L, 1103321636L, 1562100280L, 
-1401630182L, 2110159056L, 1534989884L, -1133177708L, -1453611902L, 
1030172608L, -1359719108L, 1861510800L, -1567966174L, -455325688L, 
453915788L, -2098477028L, -515079022L, 1663679616L, 316193812L, 
433722152L, -118535110L, -1987101488L, 1567018092L, -1023117644L, 
-586080238L, -17432608L, -1862929460L, -390351392L, -2028094430L, 
-535104216L, 1034707212L, 1983667772L, -1326000910L, 809539824L, 
589104964L, 1366360152L, 1477409338L, -1261115152L, -134090052L, 
-235711980L, -1859613502L, -1879660960L, -1440860804L, 1201491152L, 
1639095330L, 2065500328L, 396639628L, -1582683716L, -1703061454L, 
-2133558464L, 1055852212L, -704827064L, 552477370L, -13183216L, 
449480940L, -383903660L, 987229970L, -1862008416L, -2130980916L, 
-631449760L, 1398535362L, 1317101096L, 1265830316L, -2080353476L, 
-901631118L, -193095888L, -994940892L, 1077968440L, 455398106L, 
220145552L, 30239996L, 1905972628L, 196088642L, 102517248L, -1990875076L, 
751856208L, 2088272034L, 389059400L, -830414324L, -2047462692L, 
663808082L, 712584320L, -1119948972L, 1101758440L, 2090334970L, 
448479056L, -1848077268L, 435122548L, 2026501778L, 724834912L, 
1270306956L, 249956704L, -362911518L, -1500126040L, 261447372L, 
1138158076L, 987739058L, -1138492432L, 1449535940L, 1930702168L, 
685775226L, 1432820144L, 307552700L, 832376404L, 1621473730L, 
-1778988256L, -2065769540L, 1650651216L, -458120222L, 1145620328L, 
58023756L, 974032636L, 2063011570L, 1845415168L, -1038982028L, 
1347841544L, 1740602810L, 1893303760L, 744271852L, -1259107436L, 
1879781586L, -285950880L, 711357772L, -1910535392L, 327322715L, 
633415340L, -180842310L, 1320151663L, 681654265L, 535197326L, 
1862203228L, 297225165L, -1330877641L, 1953362368L, -1270921570L, 
30625643L, -1542924563L, 1614644058L, 1988190232L, -451293823L, 
660675379L, -1439659692L, 1128086370L, -203958281L, -1245521855L, 
511184070L, -1064457724L, 1179854261L, 238729887L, 123837176L, 
-485511466L, -829621405L, -1270385883L, -1076166462L, 965479856L, 
-715608615L, 1698843467L, -1872889412L, 151607786L, -70083041L, 
671612073L, 1144906814L, -1721500372L, 1495656317L, -1407810105L, 
801677488L, -317612338L, 58188795L, -35756963L, 50133898L, -1000453208L, 
-1656698607L, -960462845L, 1686242052L, 2090614578L, -885416569L, 
1592198097L, -742056618L, -1167142092L, 1028132421L, -1344824689L, 
-1861708792L, -711016410L, 28917971L, 712110645L, 505139602L, 
445027680L, -865174327L, 1335295995L, -1380417588L, 1167823450L, 
-1726189745L, -621109735L, 1254202414L, -1287060932L, -167018579L, 
-1580517289L, -1893048928L, 790695678L, 1453886923L, -665838643L, 
-1028567302L, -901143240L, 1403948769L, 1680400787L, -1840330316L, 
-1083909438L, -49468713L, 962190113L, -1198671130L, -1689043996L, 
-1120126187L, -1152310465L, 1411368664L, 1417495286L, -1084293885L, 
-1732979131L, -2093388190L, 1658349008L, 1020056313L, -244572117L, 
808120220L, -832471094L, 21133503L, -1332123127L, -787340514L, 
1361529548L, -1226997091L, 1538445095L, -591937200L, 206172142L, 
1300557979L, 756873981L, -608886294L, -1441985912L, 92314673L, 
500788899L, 1425245860L, 273729362L, 1548512935L, -1723755791L, 
-193365450L, -534473004L, 1055079013L, 2123323503L, -689669464L, 
1521698822L, 298493235L, -1304925803L, -234441230L, -1369011648L, 
403268521L, -140083685L, 2123274220L, -1238777862L, 1905943599L, 
-421080007L, -503216562L, 961279644L, 1996246029L, 1755631735L, 
-183084928L, 2031574750L, -364137045L, -86800723L, 736254746L, 
-1174715432L, 554278977L, -529936653L, 1352642836L, 651773090L, 
